1000
2
84 37
78 16
94 36
87 43
50 22
63 28
91 10
64 27
41 27
73 37
12 19
68 30
83 31
63 24
68 36
30 3
23 9
70 18
94 7
12 43
30 24
22 20
85 38
99 25
16 21
14 27
92 31
57 24
63 21
97 32
6 26
85 28
37 6
47 30
14 8
25 46
83 46
15 18
35 15
44 1
88 9
77 29
89 35
4 2
55 50
33 11
77 19
40 13
27 37
95 40
96 21
35 29
68 2
98 3
18 43
53 7
2 31
87 42
66 40
45 20
41 30
32 18
98 22
82 26
10 28
68 7
98 4
87 16
7 34
20 25
29 22
33 30
4 20
71 19
9 16
41 50
97 24
19 46
47 2
22 6
80 39
65 29
42 1
94 1
35 15
25 15
88 7
44 42
28 16
60 37
33 2
38 29
76 8
75 22
59 46
30 38
36 44
19 29
44 12
29 30
77 5
44 14
14 39
7 41
5 19
29 39
70 18
18 47
25 44
71 34
91 50
73 26
45 41
6 40
55 37
70 33
43 15
98 8
56 5
49 12
23 29
100 44
47 19
41 23
12 11
6 2
62 31
79 6
21 37
45 27
23 16
9 17
83 9
25 38
63 25
1 37
53 50
80 1
69 22
74 32
82 31
34 45
61 14
100 32
100 47
60 24
14 19
91 46
27 17
85 41
91 35
77 43
37 8
46 7
80 19
88 13
49 23
60 10
37 11
43 38
7 2
14 23
22 6
20 50
22 5
40 12
41 18
6 29
28 1
85 9
21 25
23 20
97 32
31 35
93 23
73 1
26 36
23 50
41 43
99 14
99 41
25 41
20 37
33 6
95 5
80 20
74 27
51 6
61 43
80 35
94 6
22 18
5 14
62 5
27 10
45 3
3 7
85 22
43 19
29 40
73 9
59 49
37 9
54 49
4 34
34 49
91 5
68 47
69 30
1 47
89 48
50 41
4 34
64 48
54 43
87 26
53 47
76 39
58 30
37 11
15 22
61 5
29 28
51 49
57 3
95 48
100 44
40 3
29 4
1 32
48 39
60 2
36 35
40 43
16 28
5 30
50 15
86 30
44 36
78 1
39 22
50 40
68 39
93 46
44 45
30 41
83 41
42 20
27 33
62 43
61 18
24 12
82 10
91 26
97 18
78 35
91 27
25 8
15 19
6 9
13 37
1 47
27 45
17 3
79 30
47 41
48 21
52 31
32 44
58 28
13 37
15 6
13 41
13 30
11 20
90 25
56 42
21 34
88 39
39 17
71 35
57 18
7 11
50 38
18 19
46 34
74 9
74 38
90 34
8 29
58 15
72 30
1 10
19 39
26 39
75 34
58 32
94 9
71 50
18 40
70 14
23 45
74 48
32 13
83 41
93 42
58 16
22 8
75 42
48 2
32 22
38 41
55 31
99 26
82 17
17 3
32 40
97 5
39 31
19 22
71 13
13 30
78 36
37 5
77 34
8 10
58 45
100 12
28 1
37 11
19 6
64 50
45 12
6 35
92 26
56 15
90 19
94 19
6 33
23 33
18 31
94 25
27 44
87 4
44 25
15 14
80 28
63 26
89 20
11 33
95 18
47 36
38 42
54 44
74 29
26 42
11 19
18 37
64 6
91 9
31 5
72 12
34 36
90 24
5 2
6 1
69 4
86 7
96 40
50 21
68 27
64 28
97 32
66 11
37 6
71 19
12 43
33 47
80 22
71 35
73 28
35 41
84 23
99 31
64 48
51 31
74 15
60 23
48 25
83 36
33 5
55 44
99 37
41 29
60 13
63 34
42 49
24 25
73 23
55 36
22 8
66 48
72 27
70 19
2 4
54 34
8 10
29 7
98 21
85 9
35 49
92 27
99 16
53 22
90 10
7 11
17 25
10 40
1 29
10 4
82 15
39 40
27 18
48 24
88 32
33 23
82 26
51 30
91 5
51 32
14 8
95 32
82 4
21 34
83 32
88 16
97 26
5 23
93 2
98 33
35 32
7 16
58 9
96 50
63 48
84 27
55 28
10 38
33 33
22 17
64 11
83 12
86 37
86 31
91 34
15 27
17 21
93 26
29 40
26 41
37 11
19 44
38 29
83 22
11 6
89 26
16 21
38 4
9 23
84 1
58 48
28 27
70 22
52 50
11 29
40 49
89 11
94 28
91 27
100 3
32 38
78 50
58 17
53 18
42 36
69 49
85 46
77 6
67 29
55 29
9 44
79 48
56 23
75 46
1 26
98 34
13 28
83 22
94 35
40 35
22 10
86 8
55 12
63 23
42 17
53 1
63 33
100 18
55 24
16 7
52 15
91 14
92 23
38 38
60 29
72 31
88 7
91 42
71 3
66 12
70 18
62 34
52 13
1 7
39 18
65 40
33 5
5 26
80 42
13 39
70 37
71 7
45 11
50 15
66 15
27 37
84 40
70 36
53 22
94 41
90 10
32 24
65 36
49 46
78 14
34 49
50 6
56 44
69 7
61 34
24 37
72 9
78 41
46 32
62 41
24 1
1 5
76 15
43 25
60 20
90 45
70 39
52 27
84 20
34 44
5 7
82 26
67 12
68 13
93 30
3 19
32 3
75 8
19 17
84 28
88 23
74 8
63 26
34 48
97 19
42 4
27 25
81 44
86 49
6 31
30 10
99 11
63 25
20 31
42 3
11 31
27 34
90 41
39 8
94 32
11 21
6 41
14 42
39 21
22 18
30 22
81 44
96 50
25 39
55 37
70 33
70 11
74 31
34 14
88 30
95 50
100 2
40 15
43 31
87 16
50 16
87 32
12 35
34 38
23 38
74 44
20 43
55 45
25 40
60 14
19 4
13 20
6 5
34 50
35 20
16 36
88 4
70 1
88 3
38 13
90 11
6 11
5 12
58 30
4 17
93 22
23 6
44 30
62 29
79 48
1 46
83 38
100 2
90 37
54 27
49 45
37 7
8 43
18 15
22 21
81 17
95 5
24 38
34 35
18 13
32 18
10 16
57 9
70 46
96 23
72 46
70 10
2 27
53 22
41 26
44 23
92 40
28 17
79 13
51 47
25 34
14 37
100 21
95 19
16 42
43 40
38 14
99 41
40 3
14 32
29 8
47 34
39 26
96 41
22 23
27 35
59 26
57 3
46 23
47 40
12 34
26 43
17 40
75 45
97 31
68 45
14 8
20 11
51 43
33 27
80 41
54 36
96 49
38 21
77 41
85 2
84 1
93 10
97 41
40 14
36 5
74 7
65 24
52 50
52 31
40 5
66 37
3 26
80 42
48 8
85 32
62 20
32 4
29 28
95 20
44 32
24 19
88 40
44 39
89 45
21 31
99 37
19 3
64 49
96 11
6 30
43 17
99 26
73 29
54 17
98 49
48 23
17 37
13 10
78 1
54 48
33 4
36 2
8 49
50 5
62 7
35 4
26 35
29 48
64 34
16 11
82 15
86 48
1 48
9 30
50 14
80 35
17 15
86 26
66 37
31 27
93 17
30 20
53 10
67 16
96 34
29 27
48 14
27 1
63 37
30 14
1 9
98 17
76 33
45 41
21 27
19 16
95 50
35 47
9 4
63 4
87 43
33 35
8 11
35 20
97 16
85 47
25 33
66 2
17 12
44 38
88 12
3 32
61 39
80 21
42 44
25 29
36 9
63 43
71 47
64 17
12 1
16 38
35 33
91 1
94 34
40 31
95 44
14 5
83 45
76 24
39 2
52 24
12 16
69 32
14 34
100 28
36 15
65 20
47 8
73 42
41 12
24 38
58 37
94 40
82 21
15 22
72 19
97 35
84 15
68 48
1 18
75 36
34 41
58 33
50 30
24 41
93 48
30 50
36 23
41 19
44 6
40 17
26 37
54 11
53 21
58 5
88 34
41 22
27 48
6 28
79 29
70 21
28 49
21 14
22 11
84 17
68 24
83 43
12 36
54 14
9 13
69 46
99 11
69 27
10 24
4 38
55 24
58 32
24 30
97 45
43 31
13 10
56 48
55 17
35 10
82 43
74 2
39 22
14 9
100 23
85 6
62 41
81 22
24 4
1 21
1 43
53 13
5 8
60 9
26 45
18 9
37 41
61 27
15 24
38 16
49 22
21 10
64 1
33 37
5 34
59 7
28 11
69 32
70 29
42 47
75 9
6 11
2 16
90 18
91 27
33 39
100 6
1 13
58 33
49 12
18 8
70 48
70 39
29 40
19 21
86 43
81 43
55 34
8 44
1 1
22 36
89 21
91 41
35 48
26 34
62 45
43 31
92 14
21 21
55 39
43 43
31 23
35 36
81 9
45 3
46 35
23 38
26 8
36 3
93 49
97 37
31 41
50 2
13 7
90 5
49 23
29 33
58 39
77 38
98 21
40 45
6 15
83 33
24 20
37 16
18 35
54 50
25 5
51 37
11 43
43 9
65 24
42 22
12 20
11 11
91 3
56 48
17 40
82 40
59 18
7 26
2 12
75 29
66 28
67 27
70 12
35 34
37 28
7 50
98 17
61 40
71 18
87 37
78 17
